27129.00000 20 3.44828 20
27129.04167 20 14.5553 20
27129.08333 20 17.54 20
27129.12500 20 18.8886 20
27129.16667 20 19.4978 20
27129.20833 20 19.7731 20
27129.25000 20 19.8975 20
27129.29167 20 19.9537 20
27129.33333 20 19.9791 20
27129.37500 20 19.9905 20
27129.41667 20 19.9957 20
27129.45833 20 19.9981 20
27129.50000 20 19.9991 20
27129.54167 20 19.9996 20
27129.58333 20 19.9998 20
27129.62500 20 19.9999 20
27129.66667 20 20 20
27129.70833 20 20 20
27129.75000 20 20 20
27129.79167 20 20 20
27129.83333 20 20 20
27129.87500 20 20 20
27129.91667 20 20 20
27129.95833 20 20 20
27130.00000 10 17.2591 17.2591
27130.04167 10 13.2797 13.2797
27130.08333 10 11.4818 11.4818
27130.12500 10 10.6695 10.6695
27130.16667 10 10.3025 10.3025
27130.20833 10 10.1367 10.1367
27130.25000 10 10.0617 10.0617
27130.29167 10 10.0279 10.0279
27130.33333 10 10.0126 10.0126
27130.37500 10 10.0057 10.0057
27130.41667 10 10.0026 10.0026
27130.45833 10 10.0012 10.0012
27130.50000 10 10.0005 10.0005
27130.54167 10 10.0002 10.0002
27130.58333 10 10.0001 10.0001
27130.62500 10 10 10
27130.66667 10 10 10
27130.70833 10 10 10
27130.75000 10 10 10
27130.79167 10 10 10
27130.83333 10 10 10
27130.87500 10 10 10
27130.91667 10 10 10
27130.95833 10 10 10
27131.00000 0 7.25906 7.25906
27131.04167 0 3.27974 3.27974
27131.08333 0 1.48183 1.48183
27131.12500 0 0.669508 0.669508
27131.16667 0 0.302492 0.302492
27131.20833 0 0.13667 0.13667
27131.25000 0 0.0617491 0.0617491
27131.29167 0 0.027899 0.027899
27131.33333 0 0.0126051 0.0126051
27131.37500 0 0.00569515 0.00569515
27131.41667 0 0.00257314 0.00257314
27131.45833 0 0.00116258 0.00116258
27131.50000 0 0.000525267 0.000525267
27131.54167 0 0.000237322 0.000237322
27131.58333 0 0.000107225 0.000107225
27131.62500 0 4.84457E-5 4.84457E-5
