27129.00000 20 3.44828 20
27129.04167 20 14.5553 20
27129.08333 20 17.54 20
27129.12500 20 18.8886 20
27129.16667 20 19.4978 20
27129.20833 20 19.7731 20
27129.25000 20 19.8975 20
27129.29167 20 19.9537 20
27129.33333 20 19.9791 20
27129.37500 20 19.9905 20
27129.41667 20 19.9957 20
27129.45833 20 19.9981 20
27129.50000 20 19.9991 20
27129.54167 20 19.9996 20
27129.58333 20 19.9998 20
27129.62500 20 19.9999 20
27129.66667 20 20 20
27129.70833 20 20 20
27129.75000 20 20 20
27129.79167 20 20 20
27129.83333 20 20 20
27129.87500 20 20 20
27129.91667 20 20 20
27129.95833 20 20 20
27130.00000 0 14.5181 14.5181
27130.04167 0 6.55947 6.55947
27130.08333 0 2.96365 2.96365
27130.12500 0 1.33902 1.33902
27130.16667 0 0.604984 0.604984
27130.20833 0 0.273339 0.273339
27130.25000 0 0.123498 0.123498
27130.29167 0 0.055798 0.055798
27130.33333 0 0.0252102 0.0252102
27130.37500 0 0.0113903 0.0113903
27130.41667 0 0.00514628 0.00514628
27130.45833 0 0.00232515 0.00232515
27130.50000 0 0.00105053 0.00105053
27130.54167 0 0.000474645 0.000474645
27130.58333 0 0.00021445 0.00021445
